x <- 1
y <- 15
x + y 